# automatically generated output from provincegroup.js by schockocraft 

#BT Mission province groups
destroy_ayyubids_provinces = {
	4295 5331
}

defeat_black_sheep_provinces = {
	420 2306 2306 2307 4296 5332 6112 6113 419 2202 2205 3256 416 2211 2206 2207 4304 4294 6124 6129 6130 6131 6133 415 2310 6126 6127 6132 2308 4292 6100
}

conquer_the_caucasus_akk_provinces = {
	2204 3253 422 462 1856 2196 423 2203 3250 3251 4301 4303 421 424 4299 4305 4340
}

conquer_iraq_akk_provinces = {
	409 2311 2312 6141 6142 6143 6144 408 2340 4288 6145 412 2217 4289 4290 4342 413 414 2209 2210
}

invade_persia_akk_1_provinces = {
	2212 2215 4300 4338 417 426 2214 4339 4341 427 428 2213 2216 4337 429 433 2222 4171 4335
}

invade_persia_akk_2_provinces = {
	2218 4329 4330 4331 432 2220 2234 4345 430 2219 2223 4332 431 4327 2999 5255
}

invade_persia_akk_provinces = {
	2212 2215 4300 4338 417 426 2214 4339 4341 427 428 2213 2216 4337 429 433 2222 4171 4335  #akk_1
	2218 4329 4330 4331 432 2220 2234 4345 430 2219 2223 4332 431 4327 2999 5255 #akk_2
	# the source trigger for this provincegroup contained triggers not representable in provincegroups, please move these triggers to the mission this provincegroup is referenced in. 
}

yem_gen_recon_one_provinces = {
	389 1099 2343 4284 5241 387 388 4280 5239
}

yem_gen_recon_two_provinces = {
	2346 4279 390 2344 2345 4281
}

ara_crowns_of_iberia_provinces = {
	1746 2755 2989 8047 8048 8049 219 2754 8054 8057 8059 8064 8121 207 1745 8033 8034 8035 8037 8038 8039 208 215 216 4552 4553 8043 8044 8045 8050 209 210 7903 7920 7929 8016 8026 206 4554 4555 4558 8040 8041 8042 4551 4789 8036 8051 217 2751 8052 8053 8055 8056 218 1747 3099 4788 8058 8060 8061 8062 224 226 1749 4548 8075 8076 8077 8078 8079 8080 225 1748 8070 8071 8072 8073 8074 222 223 4546 8081 8082 8083 8084 8085 8086 8087 221 4547 8065 8066 8067 8068 8069
}

integrate_naples_provinces = {
	124 125 126 2982 4736 4737 7001 7002 122 1933 2985 7005 7006 7007 7011 123 1934 2984 7003 7004 7008 121 2983 3039 4734 7009 7016 7017 120 4733 7013 7014 7015
}

conquer_athens_provinces = {
	145 1773 3178 3179 4701 7100 7101 7102 7163 144 4699 7132 7133 7140 7141 146 3003 3177 7109 7110 7111 7113 7114 142 4698 7125 7126 3175 7108 7112 7115 147 3174 7117 7118
}

subjugate_bohemia_provinces = {
	266 2970 4724 8253 8254 8257 8260 8252 267 1771 2967 8255 8256 265 3297 4237 4726 8236 8237 8238 2968 4725 8258 8259
}

recover_silesia_provinces = {
	263 3142 4723 8176 8221 8239 8240 8241 2966 4238 8245 8246 8247 8248 264 8243 8244 8249 8251
}

partition_poland_provinces = {
	7274 3156 7272 1940 8223 2959 262 8222 2960 261 2424 2961 4541 7267 7269 7270 7271 7273
}

austrian_hungary_provinces = {
	135 1772 3051 8174 8175 8184 8185 1864 3151 4240 8171 8172 8186 8190 8191 8494 8495 154 1318 4236 8178 8182 8194 8195 8196 8197 153 3148 4125 4126 4173 7740 8183 8192 8193 8201
}

austrian_croatia_provinces = {
	7739 136 137 4753 4754 7730 7731 7732 7733 131 1826 3196 4752 7734 7735 7736 152 1767 3190 4756 7738 8187 1828 7727 7728 7729
}

conquer_transylvania_provinces = {
	1951 3154 4128 8208 8210 8211 8213 158 4127 8205 8207 8209 8212 8215 156 1954 7741 7743 7744 7745 7746 162 1952 3146 8198 8204 155 157 1953 3152 8199 8200 8203 8206 8218 8493
}

austrian_italian_ambition_provinces = {
	108 112 1774 4729 7076 7081 7084 7085 7086 7087 111 1769 4738 7091 7096 7088 7089 7094 7098
}

austrian_defeat_the_serbs_provinces = {
	3000 7711 3187 4239 7718 141 1827 3185 4176 4757 7717 140 3002 3193 3194 4755 7722 7724 7725 1766 7700 7701 7702 7709 7710 7712 139 1831 7721 7723 138 3182 5094 7708
}

austrian_take_the_bishoprics_provinces = {
	8483 73 8482 4758 3048 110 1768  	#Tirol area     
	8481 4759 128 8480     				#Carinthia area
	8462 8463 8465 76 8464     			#Salzburg area
	8475 8216							#Salzburg exclaves
	8469								#Eferding
	4751 7762 7760  					#Cilli provinces      
	4752 4738          					#Coastal minors
	8471 8474							#Austria proper minors
}

austrian_bayern_provinces = {
	8482 4760 8468 8469 76 8462 8463 8464 8465 65 2955 4707 4708 8455 8456 8457 8458 64 2956 2957 4709 8459 8460 8461
}

austrian_swabia_provinces = {
	8437 8438 70 3206 8434 72 74 4714 8439 8440 8441 69 1872 3204 4712 4713 8442 8443 8444 8445 68 1868 8446 4711 8447 8448
}


#Prussian missions
reclaim_neumark_provinces = {
	49 7821 4747
}

pru_conquer_pomerania_provinces = {
	48 1858 2995 4746 7818 7819 7823 7824
}

connect_the_prussian_lands_provinces = {
	41 42 1841 1859 2958 7829 7833 7834 7862 767 7830 7831 7832 40 3224 7835 7836 7837 43 2997 5097 7825 7826 7827 7828 49 2969 4747 7821 8266 50 51 1759 2993 4748 8267 8269 8270
}

pru_conquer_silesia_provinces = {
	60 1763 4778 8262 8263 8264 8265 8268 
	263 3142 4723 8221 8239 8240 8241 
	264 8243 8244 8249 8251 
	2966 4238 8245 8246 8247 8248
	8252
}

pru_duchy_of_cleves_provinces = {
	4768 2975 84 3200
}

prussia_partitions_poland_provinces = {
	254 255 2963 4526 8226 8227 8228 8229
}

defeat_the_livonian_order_provinces = {
	38 4241 7843 7844 7845 7848 7849 35 36 1842 3230 3231 7853 7855 7856 7857 39 3227 7838 7839 7840 7854
}


#Ottoman missions
conquer_southern_greece_provinces = {
	164 145 1773 3178 3179 4701 7100 7101 7102 7163 144 4699 7132 7133 7140 7141 146 3003 3177 7109 7110 7111 7113 7114 3175 7108 7112 7115
}

conquer_serbia_provinces = {
	3187 7724 3000 7711 1766 7700 7701 7702 7710 7712 141 1827 3185 4176 4757 7717
}

conquer_bosnia_provinces = {
	7709 140 3002 3193 3194 4755 7722 7724 7725 1828 7727 139 1831 7721 7723
}

conquer_hungary_provinces = {
	157 153 1864 4240 7728 7729 7736 153 3148 4125 4126 4173 7740 8183 8192 8193 8201 1767 3190 4756 7738 8187 156 1954 7741 7743 7744 7745 7746 3187 4239 7718 7739
}

vassalize_wallachia_provinces = {
	2998 3160 4531 7756 7757 7758 160 4532 7748 7749 7750 161 7751 7752 7753 7754 7755
}

vassalize_transylvania_provinces = {
	1952 158 4127 8205 8207 8209 8212 8215 1951 3154 4128 8208 8210 8211 8213
}

consolidate_asia_minor_provinces = {
	2303 4298 329 2300 2304 5152 6034 6035 6037 6038 316 317 4312 5157 6001 6002 6016 322 1848 4308 4311 5155 5163 6019 318 6005 6007 326 5137 5167 325 328 2299 4313 5164 6033 323 324 327 2302 5135 5138 5154 5161 6021 332 2301 4307 4314 5146 5150 6027 6028 6029 2297 5172 6041 2296 5130 5156 6004 2298 5171 5147 5162 6013 6014 6020 319 4309 5134 6009 6010
}

safeguard_eastern_anatolia_provinces = {
	4303 2306 2307 4296 5332 6112 6113 331 2305 5151 5158 6106 2308 4292 6100
}

conquer_mesopotamia_provinces = {
	409 2311 2312 6141 6142 6143 6144 415 2310 6126 6127 6132 4294 6124 6129 6130 6131 6133 407 2303 4298 6091 6101
}

conquer_haasa_provinces = {
	408 2340 4288 6145 394 395 396 5250 5251
}

conquer_trebizond_provinces = {
	330 1846 3248 4315 5206 6040
}

take_kaffa_provinces = {
	2447 3245 285 7190 286
}

conquer_levant_provinces = {
	377 4271 6095 382 405 1849 6084 6085 6086 6088 380 381 4270 5203 364 379 1854 1855 5180 6071 365 4268 5181 321 5139 5145 6076 6077 6078 378 4297 5205 6074 6075 2313 5170 6080 6094 6081
}

conquer_egypt_provinces = {
	4322 1233 2318 2325 4323 5272 5273 358 362 363 2316 4316 4317 5261 359 361 4318 5264 5267 2315 2320 2321 4321 5271 360 1231 2317 2319 4319 4320 1234 5278
}

defeat_the_knights_provinces = {
	320
}

take_crete_from_venice_provinces = {
	163 3180 7106 7107
}

conquer_tripolitania_provinces = {
	354 355 2451 2452 5311 356 357 2326 5274
}

conquer_tunisia_provinces = {
	341 2453 2454 2455 2473 4566 5224 5225 5314 5317 352 353 2954 5312
}

subjugate_algiers_provinces = {
	336 337 338 2459 2461 4562 5322 339 340 1882 5318 5319 5321 5323 2462 2463 5324 5327 5328 5313 5315 5320 5325 5326
}

conquer_hedjaz_provinces = {
	385 2330 4277 383 2327 4269 384 5231 5232 2329 2331 4278 5233
}

conquer_mocha_provinces = {
	2346 387 388 4279 4280 5239
}

#Polish missions
conquer_warmia_provinces = {
	43 2997 5097 7825 7826 7827 7828 
}

annex_mazovia_provinces = {
	257 1938 256 4525 7264
}

vassalize_the_teutonic_order_provinces = {
	41 42 1841 1859 2958 7829 7833 7834 7862
}

vassalize_lithuania_provinces = {
	280 1942 1944 3242 4247 7228 7239 7242 7246 7259 1941 7232 7233 7241 7245 271 3226 7210 7212 7859 7860 1936 4534 4535 7213 7216 7861 256 257 1938 4525 7264 8230 8231 8232 8233 279 1940 4538 7243 7253 7266 7268 281 1943 3239 3241 4540 7206 7208 7209 7254 7272 4115 4246 7229 7234 7235 7236 7238 7240  2962 3238 4539 7207 7244    292 771 4242 7217 7222 7227 275 5660 7214 7215 7858 1937 4537 7223 7224 7226 3223 3225 7211 270 272 770 4536 7218 7219 289 290 2407 4542 7237 7248 7250 7255 7256 298 1945 3246 3267 4543 5670 7249 7252 269 277 278 7230 7262 7263
}

conquer_silesia_provinces = {
	263 3142 4723 8176 8221 8239 8240 8241 2966 4238 8245 8246 8247 8248
}


#Swedish missions
control_scania_provinces = {
	5 7 16 4163 4164 7791 7795 
	2 3 25 3120 3121 4166 7790 7792 7793 
	6 26 1982 4165 7766 7779
}

vassalize_norway_swe_provinces = {
	21 315 3119 7747 7789 
	17 22 3117 4143 4144 7780 7781 7783 7784 
	23 24 2752 3118 7785 7786 4145 7772 7782 7809 
	10 20 7787 7788 7796
}

swe_turns_have_tabled_provinces = {
	1981 12 14 1983 7767 7768 
	15 1984 4142 4149 7769 7770 7771 
	13 3134 3135 7773 7774
}

swe_expand_finland_provinces = {
	30 32 4124 7806 7808
	33 34 5644 5646
}

control_estonia_provinces = {
	35 36 1842 3230 3231 7853 7855 7856 7857
}

control_latvia_provinces = {
	35 3230 38 4241 7843 7844 7845 7848 7849 1834 3229 7850 7851 7852
}

swedish_pommerania_provinces = {
	47 2994 1858 7818 7817 7816 7815 4745 2996 7842
}

swe_bremen_verden_provinces = {
	54 1874
}

swedish_prussia_provinces = {
	41 2958 7829 7833 7834 7862 40 3224 7835 7836 7837 767 7830 7831 7832
}

swe_subjugate_lithuania_provinces = {
	271 3226 7210 7212 7859 7860 1936 4534 4535 7213 7216 7861 1941 7232 7233 7241 7245 277 278 7230 7263 4115 4246 7229 7234 7235 7236 7238 7240 276 4544 4545 7220 7221 7225 7231 3270 4244 7882 292 771 4242 7217 7222 7227 275 5660 7214 7215 7858 1937 4537 7223 7224 7226 3223 3225 7211 270 272 770 4536 7218 7219 293 3271 3301 5684 5685 7881
}

#Danish Missions
dan_slesvig_holstein_inheritance_provinces = {
	13 3134 3135 7773 7774 1775 7775 7776 7778
}

#NB: Identical to vassalize_norway_swe_provinces
denmark_norway_integration_provinces = {
	21 315 3119 7747 7789 17 22 3117 4143 4144 7780 7781 7783 7784 23 24 2752 3118 7785 7786 4145 7772 7782 7809 10 20 7787 7788 7796
	# the source trigger for this provincegroup contained triggers not representable in provincegroups, please move these triggers to the mission this provincegroup is referenced in. 
}

denmark_sweden_integration_provinces = {
	1 4 8 9 1930 1985 3122 3123 7794 7863 11 18 3124 4114 7797 7798 7799 7800 2 3 25 3120 3121 4166 7790 7792 7793 5 7 16 4163 4164 7791 7795
}

denmark_iceland_integration_provinces = {
	370 371 3114 3115
}

#NB: Identical to swedish_pommerania_provinces
danish_pommerania_provinces = {
	47 2994 1858 7818 7817 7816 7815 4745 2996 7842
	# the source trigger for this provincegroup contained triggers not representable in provincegroups, please move these triggers to the mission this provincegroup is referenced in. 
}

#NB: Identical to swedish_prussia_provinces
dan_prussian_subjugation_provinces = {
	41 2958 7829 7833 7834 7862 40 3224 7835 7836 7837 767 7830 7831 7832
	# the source trigger for this provincegroup contained triggers not representable in provincegroups, please move these triggers to the mission this provincegroup is referenced in. 
}

danish_curonia_provinces = {
	39 3227 7838 7839 7840 7854
}

dan_enforce_danelaw_provinces = {
	246 4368 8136 8137 243 1861 4372 4376 8126 8128 8130 8131 233 234 239 4130 4373 4374 8122 8124 8170 1860 3028 4370 244 247 4375 8135 235 236 237 238 4371 8123 8125 8127 245 4367 4785 8133 8134
}

#Norwegian missions
#NB: Identical to denmark_sweden_integration_provinces
nor_king_of_sweden_provinces = {
	1 4 8 9 1930 1985 3122 3123 7794 7863 11 18 3124 4114 7797 7798 7799 7800 2 3 25 3120 3121 4166 7790 7792 7793 5 7 16 4163 4164 7791 7795
	# the source trigger for this provincegroup contained triggers not representable in provincegroups, please move these triggers to the mission this provincegroup is referenced in. 
}

#NB: Identical to denmark_iceland_integration_provinces
nor_retake_iceland_provinces = {
	370 371 3114 3115 
	# the source trigger for this provincegroup contained triggers not representable in provincegroups, please move these triggers to the mission this provincegroup is referenced in. 
}

#NB: Identical to swe_turns_have_tabled_provinces + Skaaneland
nor_reverse_kalmar_union_provinces = {
	1981 12 14 1983 7767 7768 15 1984 4142 4149 7769 7770 7771 13 3134 3135 7773 7774 #swe_turns_have_tabled_provinces
	# the source trigger for this provincegroup contained triggers not representable in provincegroups, please move these triggers to the mission this provincegroup is referenced in. 
	6 26 1981 1982 4165 7766 7779 #Skaaneland
}

nor_conquer_the_isles_provinces = {
	253 4363 4364 4365
}

bt_nor_conquer_scotland_provinces = {
	248 4361 8145 8146 8148 8149 8150 249 3008 3019 4362 8147 252 3137 3138 4110 8153 8154 8155 250 251 3139 8151 8152
}

nor_conquer_ireland_provinces = {
	373 374 3009 4120 4379 8163 8165 372 3005 3006 4121 4380 8156 8157 8158 8159 375 4118 4377 4378 8164 8166 8167 8168 8169 376 3014 4119 8160 8161 8162
}

#NB: Identical to dan_enforce_danelaw_provinces
nor_conquer_england_provinces = {
	246 4368 8136 8137 243 1861 4372 4376 8126 8128 8130 8131 233 234 239 4130 4373 4374 8122 8124 8170 1860 3028 4370 244 247 4375 8135 235 236 237 238 4371 8123 8125 8127 245 4367 4785 8133 8134
	# the source trigger for this provincegroup contained triggers not representable in provincegroups, please move these triggers to the mission this provincegroup is referenced in. 
}

#Bulgarian missions that were given scripted triggers but no mission tree
bul_reclaim_tarnovo_provinces = {
	150 159 4704 7157 7158 7159 7706
}

bul_reclaim_sofia_provinces = {
	1765 4703 7703 7705
}

bul_conquer_macedonia_provinces = {
	3167 4702 7120 7127 7128 7129 
	148 1853 7122 7123 7124 7142 
	3001 3183 4780 7146 7147 7148
}

bul_subjugate_serbia_provinces = {
	3187 4239
	7724 
	3000 7711 
	1766 7700 7701 7702 7710 7712 
	141 1827 3185 4176 4757 7717
}

bul_conquer_pannonia_provinces = {
	155 157 1953 3152 8199 8200 8203 8206 8218 8493
	153 3148 4125 4126 4173 7740 8183 8192 8193 8201 
	156 1954 7741 7743 7744 7745 7746 
	1864 3151 4240 8171 8172 8186 8190 8191 8494 8495
	135 1772 3051 8174 8175 8184 8185
	154 1318 4236 8178 8182 8194 8195 8196 8197
}

bul_subjugate_transylvania_provinces = {
	158 4127 8205 8207 8209 8212 8215 
	1951 3154 4128 8208 8210 8211 8213
}

bul_reclaim_vidin_provinces = {
	2746 7707 7714 7715
}

bul_reclaim_karvuna_provinces = {
	3164 3165 4706 7154 7759 7765
}

bul_subjugate_wallachia_provinces = {
	2998 3160 4531 7756 7757 7758 
	161 7751 7752 7753 7754 7755 
	160 4532 7748 7749 7750
}

bul_subjugate_moldavia_provinces = {
	1756 2405 3159 7277 7278 8220 
	268 3157 4529 4530 7276 8180 8219 
	3156 7274 7275
}

bul_reclaim_plovdiv_provinces = {
	2750 3169 7149 7150 
	1764 7139 7152 7155 7156
}

bul_conquer_south_thrace_provinces = {
	149 3170 4705 4779 7130 7134 7136
}

bul_subjugate_albania_provinces = {
	143 3181 4174 4175 4750 7143 7144
	3182 5094
}

bul_take_tsargrad_provinces = {
	7138 7137 151
}

bul_subjugate_west_slavs_provinces = {
	136 137 4753 4754 7730 7731 7732 7733 
	138 7708 
	140 3002 3193 3194 4755 7722 7725 
	7718 7739 
	152 1767 3190 4756 7738 8187 
	131 1826 3196 4752 7734 7735 7736 
	139 1831 7721 7723 
	1828 7727 7728 7729 
	7709
}

bul_subjugate_greece_provinces = {
	144 4699 7132 7133 7140 7141 
	3175 7108 7112 7115 
	147 3174 7117 7118 
	146 3003 3177 7109 7110 7111 7113 7114 
	145 1773 3178 3179 4701 7100 7101 7102 7163 
	142 4698 7125 7126 
}

bul_expel_turks_provinces = { #Combination of bul_reclaim_karvuna_provinces, bul_reclaim_plovdiv_provinces, bul_reclaim_sofia_provinces, bul_reclaim_tarnovo_provinces and bul_reclaim_vidin_provinces
	150 159 4704 7157 7158 7159 7706 #Tarnovo
	1765 4703 7703 7705 #Sofia
	2746 7707 7714 7715 #Vidin
	3164 3165 4706 7154 7759 7765 #Karvuna
	2750 3169 7149 7150 #Plovdiv
	1764 7139 7152 7155 7156
}

#Romanian missions
rmn_drive_out_the_turks_provinces = { #Needs additional owned by TUR check
	# the source trigger for this provincegroup contained triggers not representable in provincegroups, please move these triggers to the mission this provincegroup is referenced in. 
	150 159 4704 7157 7158 7159 7706 3164 3165 4706 7154 7759 7765 2746 7707 7714 7715 1765 3000 4703 7703 7705 7711 3167 4702 7120 7127 7128 7129 3001 3183 4780 7146 7147 7148 148 1853 7122 7123 7124 7142 2750 3168 3169 7149 7150 7151 1764 7139 7152 7155 7156 149 151 3170 4705 4779 7130 7134 7136 7137 7138
}

rmn_heir_of_rome_provinces = { #Needs additional owned by BYZ check
	# the source trigger for this provincegroup contained triggers not representable in provincegroups, please move these triggers to the mission this provincegroup is referenced in. 
	151 148 1853 7122 7123 7124 7142 145 1773 3178 3179 4701 7100 7101 7102 7163 144 4699 7132 7133 7140 7141 149 151 3170 4705 4779 7130 7134 7136 7137 7138 1765 3000 4703 7703 7705 7711 3164 3165 4706 7154 7759 7765 141 1827 3185 4176 4757 7717 1766 7700 7701 7702 7709 7710 7712 143 3181 4174 4175 4750 7143 7144 140 3002 3193 3194 4755 7722 7724 7725 131 1826 3196 4752 7734 7735 7736 152 1767 3190 4756 7738 8187 136 137 4753 4754 7730 7731 7732 7733 164 320 2348 3195 4700 6096 163 3180 7106 7107 146 3003 3177 7109 7110 7111 7113 7114 2750 3168 3169 7149 7150 7151 3001 3183 4780 7146 7147 7148 3167 4702 7120 7127 7128 7129 142 4698 7125 7126 1764 7139 7152 7155 7156 3175 7108 7112 7115 147 3174 7117 7118 150 159 4704 7157 7158 7159 7706 3187 4239 7718 7739 138 3182 5094 7708 1828 7727 7728 7729 139 1831 7721 7723 2746 7707 7714 7715
}

unite_the_voivodes_provinces = {
	2998 3160 7756 7757 7758 1756 2405 3159 7277 7278 8220 268 3157 4529 4530 7276 8180 8219 3156 7274 7275 161 7751 7752 7753 7755 160 4532 7748 7749 7750
}

rmn_conquer_transylvania_provinces = {
	1952 158 4127 8205 8207 8209 8212 8215 1951 3154 4128 8208 8210 8211 8213 7743 7744 7745 7746
}

conquer_ferrara_provinces = {
	113 7081 114
}

gc_spa_invade_england_provinces = {
	246 4368 8136 8137 243 1861 4372 4376 8126 8128 8130 8131 233 234 239 4130 4373 4374 8122 8124 8170 1860 3028 4370 244 247 4375 8135 235 236 237 238 4371 8123 8125 8127 245 4367 4785 8133 8134
}

gc_spa_invade_england2_provinces = { #Because PDX did a DOM-DOM in Domination
	246 4368 8136 8137 243 1861 4372 4376 8126 8128 8130 8131 233 234 239 4130 4373 4374 8122 8124 8170 1860 3028 4370 244 247 4375 8135 235 236 237 238 4371 8123 8125 8127 245 4367 4785 8133 8134
}

#NB: Identical to integrate_naples_provinces
gc_cas_spa_italian_ambition_provinces = {
	124 125 126 2982 4736 4737 7001 7002 122 1933 2985 7005 7006 7007 7011 123 1934 2984 7003 7004 7008 121 2983 3039 4734 7009 7016 7017 120 4733 7013 7014 7015
}

gc_cas_spa_italian_ambition2_provinces = { #Because PDX did a DOM-DOM in Domination
	124 125 126 2982 4736 4737 7001 7002 122 1933 2985 7005 7006 7007 7011 123 1934 2984 7003 7004 7008 121 2983 3039 4734 7009 7016 7017 120 4733 7013 7014 7015
}

gc_cas_spa_italian_ambition_2_provinces = {
	115 116 2978 2980 3042 7047 7049 7051 7059 117 3040 7039 7041 7042 7043 7044 7046 7050 104 3054 4728 4740 7078 107 109 1862 3294 4739 7083
}

gc_cas_spa_italian_ambition_22_provinces = { #Because PDX did a DOM-DOM in Domination
	115 116 2978 2980 3042 7047 7049 7051 7059 117 3040 7039 7041 7042 7043 7044 7046 7050 104 3054 4728 4740 7078 107 109 1862 3294 4739 7083
}

gc_spa_spanish_netherlands_provinces = { 
	90 1865 3064 4769 8015 8018 8020 8021 91 1743 7976 7977 92 95 1744 4770 8019
}

gc_spa_spanish_netherlands2_provinces = { #Because PDX did a DOM-DOM in Domination
	90 1865 3064 4769 8015 8018 8020 8021 91 1743 7976 7977 92 95 1744 4770 8019
}

gc_spa_austrian_union_provinces = {
	132 1863 3050 4751 8216 8475 8476 8477 8478 8479 134 1770 4762 8470 8471 8472 8473 8474 73 110 1768 3048 4758 7093 8482 8483
}

gc_spa_austrian_union2_provinces = { #Because PDX did a DOM-DOM in Domination
	132 1863 3050 4751 8216 8475 8476 8477 8478 8479 134 1770 4762 8470 8471 8472 8473 8474 73 110 1768 3048 4758 7093 8482 8483
}

gc_cas_spa_reconquista_one_provinces = {
	222 223 4546 8081 8082 8083 8084 8085 8086 8087 224 226 1749 4548 8075 8076 8077 8078 8079 8080 225 1748 8070 8071 8072 8073 8074
}

gc_cas_spa_reconquista_one2_provinces = { #Because PDX did a DOM-DOM in Domination
	222 223 4546 8081 8082 8083 8084 8085 8086 8087 224 226 1749 4548 8075 8076 8077 8078 8079 8080 225 1748 8070 8071 8072 8073 8074
}

gc_cas_spa_navarra_provinces = {
	209 210 7903 7920 7929 8016 8026
}

gc_cas_spa_navarra2_provinces = { #Because PDX did a DOM-DOM in Domination
	209 210 7903 7920 7929 8016 8026
}

gc_cas_spa_reconquista_three_provinces = {
	220 1750 4549 4550 8088 8089 197 212 213 2987 2988 4557 7889 8113 8114 8115 211 214 2990 3095 8108 8109 8110 8111 8116 8117 333 4559 4560
}

gc_cas_spa_reconquista_three2_provinces = { #Because PDX did a DOM-DOM in Domination
	220 1750 4549 4550 8088 8089 197 212 213 2987 2988 4557 7889 8113 8114 8115 211 214 2990 3095 8108 8109 8110 8111 8116 8117 333 4559 4560
}

gc_cas_spa_reconquista_two_provinces = {
	228 1851 4556 8096 8097 8099 229 4150 8063 8100 8101 8102 8104 231 232 3104 8090 8091 8092 8093 8094 8095 227 3108 4787 8098 8103 230 8105 8106 8107
}

gc_cas_spa_reconquista_two2_provinces = { #Because PDX did a DOM-DOM in Domination
	228 1851 4556 8096 8097 8099 229 4150 8063 8100 8101 8102 8104 231 232 3104 8090 8091 8092 8093 8094 8095 227 3108 4787 8098 8103 230 8105 8106 8107
}

gc_cas_spa_conquer_philippines_provinces = {
	652 653 2701 2702 4354 4355 8714 8715 654 2700 4351 4352 4353 8713 651 655 4356 8720 8721 657 658 2697 2698 4348 8709 8710 8711 656 2699 4349 4350 8712 8716
}

gc_cas_spa_conquer_philippines2_provinces = {
	652 653 2701 2702 4354 4355 8714 8715 654 2700 4351 4352 4353 8713 651 655 4356 8720 8721 657 658 2697 2698 4348 8709 8710 8711 656 2699 4349 4350 8712 8716
}

tr_access_to_the_baltic_sea_provinces = { #Identical to mos_rus_window_on_the_west_provinces
	39 3227 7838 7839 7840 7854 
	35 36 1842 3230 3231 7853 7855 7856 7857 
	38 4241 7843 7844 7845 7848 7849 
	1834 3229 7850 7851 7852 37 273 7846 7847
}

tr_consolidate_russia_mission_provinces = {
	301 306 1754 1778 3279 5669 295 3277 4251 4252 5651 5659 5665 5682 5683 1961 2749 7867 7868 7869 7870 7876 308 312 1753 4117 4250 5655 294 1752 3290 4248 4249 5656 5657 7878 307 1956 3276 3278 4147 4253 4254 5658 310 311 3273 5645 7871 7872 7873 7874 7875 7879 274 1960 5642 5643 314 1755 1957 4262 4263 1959 4260 4261 5653 5654 7877 313 1955 3284 4122 4129 4256 4257 4259 5673 1958 3282 4258 5652 300 2408 3268 4255 5668 5679 1777 5649 5650 309 1776 5647 5648 7865 7866 33 34 5644 5646
}

tr_russia_partitions_poland_new_provinces = {
	271 3226 7210 7212 7859 7860 1936 4534 4535 7213 7216 7861 296 4116 5662 5663 5664 5666 5667 5680 5681 293 3271 3301 4245 5684 5685 7881 4148 4243 5661 7880 281 1943 3239 3241 4540 7206 7208 7209 7254 279 1940 4538 7243 7253 7266 7268 1941 7232 7233 7241 7245 269 277 278 7230 7262 7263 280 1942 1944 3242 4247 7228 7239 7242 7246 7259 289 290 2407 4542 7237 7248 7250 7255 7256 4115 4246 7229 7234 7235 7236 7238 7240 276 4544 4545 7220 7221 7225 7231 297 3270 4244 7882 2962 3238 4539 7207 7244 298 1945 3246 3267 4543 5670 7249 7252 292 771 4242 7217 7222 7227 275 5660 7214 7215 7858 1937 4537 7223 7224 7226 3223 3225 7211 270 272 770 4536 7218 7219
}

tr_conquer_finland_provinces = {
	7800 27 28 29 31 3128 4123 7803 7804 7805 7807 19 4113 4151 4152 7801 7802 7864 1777 5649 5650 30 32 4124 7806 7808
}

rus_partition_poland_mission_provinces = {
	7272 255 261 2424 2961 4541 7267 7269 7270 7271 7273 259 260 2959 3221 8223 8234 258 4527 4533 8225 1939 4524 4528 262 2960 3220 8222 8224 256 257 1938 4525 7264 8230 8231 8232 8233
}

rus_romania_conquest_provinces = {
	2998 3160 4531 7756 7757 7758 161 7751 7752 7753 7754 7755 160 4532 7748 7749 7750 1756 2405 3159 7277 7278 8220 3156 7274 7275 268 3157 4529 4530 7276 8180 8219 162 1952 3146 8198 8204
}

rus_third_rome_mission_provinces = {
	149 151 3170 4705 4779 7130 7134 7136 7137 7138 1765 4703 7703 7705 3164 3165 4706 7154 7759 7765 2750 3168 3169 7149 7150 7151 1764 7139 7152 7155 7156 150 159 4704 7157 7158 7159 7706 2746 7707 7714 7715
}

gra_reconquer_valencia_provinces = {
	221 4547 8065 8066 8067 8068 8069 220 1750 4549 4550 8088 8089
}

#NB: Identical to gc_cas_spa_reconquista_one_provinces
gra_reconquer_sevilla_provinces = {
	222 223 4546 8081 8082 8083 8084 8085 8086 8087 224 226 1749 4548 8075 8076 8077 8078 8079 8080 225 1748 8070 8071 8072 8073 8074
	# the source trigger for this provincegroup contained triggers not representable in provincegroups, please move these triggers to the mission this provincegroup is referenced in. 
}

#NB: Identical to gc_cas_spa_reconquista_two_provinces
adu_conquer_portugal_provinces = {
	228 1851 4556 8096 8097 8099 229 4150 8063 8100 8101 8102 8104 231 232 3104 8090 8091 8092 8093 8094 8095 227 3108 4787 8098 8103 230 8105 8106 8107
	# the source trigger for this provincegroup contained triggers not representable in provincegroups, please move these triggers to the mission this provincegroup is referenced in. 
}

gra_restore_caliphate_cordoba_provinces = {
	219 2754 8054 8057 8059 8064 8121 217 2751 8052 8053 8055 8056 4551 4789 8036 8051 211 214 2990 3095 8108 8109 8110 8111 8116 8117 218 1747 3099 4788 8058 8060 8061 8062
}

gra_own_iberia_provinces = {
	1746 2755 2989 8047 8048 8049 206 4554 4555 4558 8040 8041 8042 207 1745 8033 8034 8035 8037 8038 8039 208 215 216 4552 4553 8043 8044 8045 8050 209 210 7903 7920 7929 8016 8026 197 212 213 2987 2988 4557 7889 8113 8114 8115
}

gra_into_france_provinces = {
	200 3085 4391 7898 7899 7906 201 202 2991 4696 7890 7891 7892 7893 7894 198 4112 7905 7907 196 2753 4694 4695 7900 7901 7904 204 3089 7895 7896 7897 7910
}

adu_conquer_med_islands_provinces = {
	333 4559 4560 1247 5092 7038 7040 127 2986 4735 5091 7095 7097 7099
}

adu_retake_sicily_provinces = {
	124 125 126 2982 4736 4737 7001 7002
}

adu_moroccan_conquest_provinces = {
	5213 334 335 1751 4561 5210 5218 344 345 348 2469 2470 4564 4568 5226 342 343 2467 2468 4563 5211 5219
}

adu_own_tunisia_1_provinces = {
	2465 349 2458 2462 2463 5324 5327 5328 336 337 338 2459 2461 4562 5322 339 340 1882 5318 5319 5321 5323 341 2453 2454 2455 2473 4566 5224 5225 5314 5317 352 353 2954 5312 354 355 2451 2452 5311 5313 5315 5320 5325 5326
}

adu_fatimid_lands_provinces = { #Needs is_empty check
	# the source trigger for this provincegroup contained triggers not representable in provincegroups, please move these triggers to the mission this provincegroup is referenced in. 
	356 357 2326 5274 5303 5304 358 362 363 2316 4316 4317 5261 359 361 4318 5264 5267 2315 2320 2321 4321 5271 1233 2318 2325 4323 5272 5273 5301 360 1231 2317 2319 4319 4320
}

adu_levantine_restoration_provinces = {
	364 379 1854 1855 5180 6071 
	382 405 1849 6084 6085 6086 6088 
	377 2313 4271 5170 6080 6094 6095 
	407 2303 4298 6091 6101 
	365 4268 5181 
	380 381 4270 5203 6081
	378 4297 5205 6074 6075
	418 2308 4292 6100
}

adu_reclaim_mecca_provinces = {
	2329 2331 2346 4278 5233 383 2327 4269 384 5231 5232 385 2330 4277
}

adu_down_tigris_provinces = {
	409 2311 2312 6141 6142 6143 6144 
	408 2340 4288 6145 
	412 2217 4289 4290 4342 
	415 2310 6126 6127 6132 
	410 4291 6138 6139 6140
	4294 6124 6129 6130 6131 6133 
	406 2314 6099 6135 6136
	4310 5330 6104 6107
	4179 4295 5295 5331 6114 6119 6121
	411 2309 4293 5296 6118 6120 6123 6125
	3254 4302 6109 6110
	415 2310 6126 6127 6132
}

adu_persian_conquest_provinces = {
	413 414 2209 2210
	416 2211 2206 2207 4304 
	2212 2215 4300 4338 
	419 2202 2204 2205 3253 3256
}

guj_subjugate_saurashtra_provinces = {
	4480 4456 515 521 2052 4454 4455 516 2051 2054 4457 4512
}

guj_conquer_malwa_provinces = {
	526 2056 2057 2093 4461 527 4434 4453
}

guj_break_mewar_provinces = {
	518 2058 2087 4462 4501
}

guj_subjugate_rajputana_provinces = {
	513 514 2067 4506 512 2066 4502 4507 519 520 2064 4500 525 528 740 4464 4465
}

guj_clear_konkani_coast_provinces = {
	529 530 2089 4429
}

guj_zambezi_gold_mines_provinces = {
	1187 1190 1191 1185 1188 1189
}

hun_vassal_states_provinces = {
	2998 3160 4531 7756 7757 7758 160 4532 7748 7749 7750 161 7751 7752 7753 7754 7755
}

hun_vassal_states_three_provinces = {
	141 1827 3185 4176 4757 7717 1766 7700 7701 7702 7709 7710 7712 3187 4239 7718 7739
}

hun_vassal_states_two_provinces = {
	3156 7274 7275 1756 2405 3159 7277 7278 8220 268 3157 4529 4530 7276 8180 8219
}

hun_vassal_states_four_provinces = {
	140 3002 3193 3194 4755 7722 7724 7725 1828 7727 7728 7729 139 1831 7721 7723
}

hun_ottoman_borders_three_provinces = {
	1765 3000 4703 7703 7705 7711 150 159 4704 7157 7158 7159 7706 3164 3165 4706 7154 7759 7765 2746 7707 7714 7715
}

hun_ottoman_borders_two_provinces = {
	148 1853 7122 7123 7124 7142 3001 3183 4780 7146 7147 7148 3167 4702 7120 7127 7128 7129
}

hun_ottoman_borders_four_provinces = {
	149 151 3170 4705 4779 7130 7134 7136 7137 7138 2750 3168 3169 7149 7150 7151 1764 7139 7152 7155 7156
}

conquer_al_jazira_hsn_provinces = { #num_of_provinces mission
	4179 4295 5295 5331 6114 6119 6121 
	411 2309 4293 5296 6118 6120 6123 6125 
}

hsn_take_baghdad_provinces = { #num_of_provinces mission
	415 2310 6126 6127 6132
	406 2314 6099 6135 6136
	409 2311 2312 6141 6142 6143 6144 
	410 4291 6138 6139 6140
	408 2340 4288 6145
}

hsn_white_sheep_provinces = { #num_of_provinces mission
	4310 6104 6107 5330
	418 2308 4292 6100
}

conquer_aleppo_hsn_provinces = { #num_of_provinces mission
	377 2313 4271 5170 6080 6094 6095
	407 2303 4298 6091 6101
}

hsn_conquer_jerusalem_provinces = { #num_of_provinces mission
	378 4297 5205 6074 6075 
	382 405 1849 6084 6085 6086 6088 
	364 379 1854 1855 5180 6071 
	380 381 4270 5203 365 4268 5181
}

#NB: Identical to adu_fatimid_lands_provinces
hsn_destroy_mamluks_provinces = { #Needs is_empty check #num_of_provinces mission
	# the source trigger for this provincegroup contained triggers not representable in provincegroups, please move these triggers to the mission this provincegroup is referenced in. 
	356 357 2326 5274 5303 5304 
	358 362 363 2316 4316 4317 5261 
	359 361 4318 5264 5267
	2315 2320 2321 4321 5271 
	1233 2318 2325 4323 5272 5273 5301 
	360 1231 2317 2319 4319 4320
}

hsn_conquer_crusaders_provinces = {
	320 
	321 5139 5145 6076 6077 6078
}

hsn_custodian_of_holy_cities_provinces = { #num_of_provinces mission
	383 2327 4269
	384 5231 5232
	385 2330 4277
	2331 4278 5233
}

tim_persia_one_provinces = {
	431 4327 2217 4342 2218 4329 4330 4331 430 2219 2223 4332 432 2220 2234 4345
}

tim_persia_two_provinces = {
	413 414 2210 429 433 2222 4171 4335 427 428 2213 2216 4337 2212 2215 4300 4338
}

tim_transoxiana_one_provinces = {
	458 1967 457 2356 442 453 454 1968 4343 4344
}

tim_transoxiana_two_provinces = {
	437 438 2349 2214 441 2362 1973 444 445 2350
}

dh_tim_khorasan_one_provinces = {
	2221 2235 2236 4326 436 4334 4336 435 2224 2229 2230 446 4324 4325
}

dh_tim_khorasan_two_provinces = {
	447 449 2225 448 451 452 578 2226 450 2227 2228
}

dh_conquer_punjab_MUG_provinces = {
	507 2075 2076 4510 4513 2077 2078 4511
}

dh_conquer_delhi_provinces = {
	510 2065 4411 4463 522 2060 2062
}

mug_pacify_punjab_provinces = {
	506 2079 2086 4508 4509 507 2075 2076 4510 4513 2077 2078 4511 510 2065 4411 4463 508 2073 2074 4449 4521
}

mug_afghan_frontier_provinces = {
	447 449 2225 435 2224 2229 2230 446 4324 4325 450 2227 2228 448 451 452 578 2226
}

mug_abu_saids_dream_provinces = {
	416 446 454 2213 2221
}

mug_follow_the_brahmaputra_provinces = {
	566 571 2040 2042 4440
}

mug_upper_burma_campaign_provinces = {
	580 582 2395 2396 2397 2398 4404 4405 8551 583 2400 8552 8553 581 584 2399 4393 8676 8677 8678 570 573 2041 587 660 2381 8644 8645 588 2401 4397 4398 4406
}

mug_open_up_china_1_provinces = {
	661 2165 2166 2167 8554 662 663 673 674 4199
}

mug_open_up_china_2_provinces = {
	2371 4820 8573 8646 8648 8656 610 1016 1022 2373 4821 664 1840 2162 2163 2164 665 666 2159 2160 2161 667 668 2156 2157 2158 613 616 2372 4819 8592 8593 8597 8658
}

mug_open_up_china_provinces = {
	661 2165 2166 2167 8554 662 663 673 674 4199 #china_1
	2371 4820 8573 8646 8648 8656 610 1016 1022 2373 4821 664 1840 2162 2163 2164 665 666 2159 2160 2161 667 668 2156 2157 2158 613 616 2372 4819 8592 8593 8597 8658 #china_2
	# the source trigger for this provincegroup contained triggers not representable in provincegroups, please move these triggers to the mission this provincegroup is referenced in. 
}

mug_sind_campaign_provinces = {
	504 2088 4503 4504 505 2072 4505
}

mug_ganges_delta_provinces = {
	561 2081 4476 4477 564 2039 4474 4475 4478
}

mug_conquer_orissa_provinces = {
	552 2038 2043 2049 4441
}

mug_lower_burma_campaign_provinces = {
	579 2402 8584 8585 8643 586 590 1815 2403 4399 8600 8650 8651 585 4394 4395 4396 4844 8679
}

mug_subah_of_ayuddhya_provinces = {
	603 612 4830 4836 8580 8642 601 2388 2389 4833 8639 8640 8641 593 594 2390 2391 8577 8578 8673 591 2404 4835 8636 592 600 2387 4831 4832 4834 589 602 1817 4841 4842 8576 614 615 1844 4837 8598 8618 8647 2383 2384 2385 2386 4838 8572 8587 8728 8730 609 1823 2378 2379 4825 4827 4828 8683 8684 604 605 2376 2377 2380 4826 8624 8625 8681 2375 4823 4824 4829 8654 8682 8685 606 607 2374 4822 8652 8653
}

mug_malaccan_viceroyalty_provinces = {
	597 598 599 2393 4814 8674 8675 595 596 2392 8668 8669 8670 2394 4812 4813 8667 8672
}

mug_emperor_of_hindustan_provinces = {
	522 2060 2062 524 556 2063 4496 523 2094 4494 4495 4497 555 2055 2095 4490 2061 4498 4499
}

mug_bengal_campaign_provinces = {
	2047 4484 4487 4488 558 4469 4472 4489 562 2045 2046 4486 563 2044 4479
}

mug_control_the_desh_provinces = {
	1946 2034 4431 529 530 2089 4429
}

mug_subdue_rajputana_provinces = {
	518 2058 2087 4462 4501 513 514 2067 4506 512 2066 4502 4507 519 520 2064 4500 559 2059 4459 4466 4467 2097 2098 4468
}

mug_conquer_central_deccan_provinces = {
	569 1948 2035 4435 541 1949 2090 4423 4424 532 2033 4428 533 2031 4421 4422 4426
}

mug_gwalior_and_ranthambore_provinces = {
	525 528 740 4464 4465
}

mug_conquer_malwa_provinces = {
	526 2056 2057 2093 4461 550 551 2092 4458 4460
}

mug_secure_hajj_ports_provinces = {
	517 2036 4430 516 2051 2054 4457 4512 503 2053 4456 4480 515 521 2052 4454 4455
}

mug_across_vindhyas_provinces = {
	527 4434 4453 544 545 4432 4433 4437 546 548 2050 4442 4443
}

mug_riches_of_golconda_provinces = {
	542 2037 4436 4439 2028 4438 4444 543 549 2080 2084 4425
}

mug_coromandel_coast_provinces = {
	2083 4418 4419 4420 539 540 1947 2027 4417 536 2101 4412 2026 4415 4416 538 2085 4414
}

gc_tun_tribes_provinces = {
	2449 4567 5306 5309 5310 2448 2474 5307 352 353 2450 2954 5312 5316 350 351 2456 2457 2458 2472 5329 5313 5315 5320 5325 5326 354 355 2451 2452 5311
}

gc_tun_air_provinces = {
	1156 2272 2273 2274 2276 2275 2277 2475
}

gc_tun_kanem_provinces = {
	1148 1149 2279 1158 1159 2286 2287 2288 1157 1160 2282 2283 2284
}

gc_tun_med_islands_provinces = {
	124 125 126 2982 4736 4737 7001 7002 1247 5092 7038 7040 127 2986 4735 5091 7095 7097 7099 333 4559 4560
}

gc_tun_east_med_islands_provinces = {
	320 163 3180 7106 7107 321 5139 5145 6076 6077 6078
}

gc_tun_barbary_coast_provinces = {
	336 337 338 2459 2461 4562 5322 2462 2463 5324 5327 5328
}

gc_tun_morocco_provinces = {
	349 2465 5213 5229 334 335 1751 4561 5210 5218 342 343 2467 2468 4563 5211 5219 344 345 348 2469 2470 4564 4568 5226
}

gc_tun_alexandria_provinces = { #Needs is_empty check
	# the source trigger for this provincegroup contained triggers not representable in provincegroups, please move these triggers to the mission this provincegroup is referenced in. 
	358 5272 2325 356 357 2326 5274 5303 5304
}

gc_por_bandeirantes_provinces = {
	765 2892 2894 2899 761 762 763 764 766 769 2896
}

gc_por_african_gold_provinces = {
	1184 2950 2951 2952 1185 1188 1189
}

gc_por_ceylon_provinces = {
	2100 4408 4409 572 2099 4407
}

gc_por_burma_provinces = {
	579 2402 8584 8585 8643 586 590 1815 2403 4399 8600 8650 8651
}

gc_por_intervene_in_castile_1_provinces = {
	206 4554 4555 4558 8040 8041 8042 207 1745 8033 8034 8035 8037 8038 8039 208 215 216 4552 4553 8043 8044 8045 8050
}

gc_por_discovers_east_africa_provinces = {
	1186 1192 788 1195 4020 4049
}

gc_por_malabar_provinces = {
	534 535 537 4410 4413
}

gc_por_surat_provinces = {
	529 4430 517
}

gc_por_intervene_in_castile_2_provinces = {
	218 1747 3099 4788 8058 8060 8061 8062 224 226 1749 4548 8075 8076 8077 8078 8079 8080
}

gc_por_intervene_in_castile_provinces = {
	206 4554 4555 4558 8040 8041 8042 207 1745 8033 8034 8035 8037 8038 8039 208 215 216 4552 4553 8043 8044 8045 8050 #castile_1
	218 1747 3099 4788 8058 8060 8061 8062 224 226 1749 4548 8075 8076 8077 8078 8079 8080 #castile_2
	# the source trigger for this provincegroup contained triggers not representable in provincegroups, please move these triggers to the mission this provincegroup is referenced in. 
}

gc_por_lusitanian_empire_provinces = {
	211 214 2990 3095 8108 8109 8110 8111 8116 8117 197 212 213 2987 2988 4557 7889 8113 8114 8115 220 1750 4549 4550 8088 8089 224 226 1749 4548 8075 8076 8077 8078 8079 8080 222 223 4546 8081 8082 8083 8084 8085 8086 8087 1746 2755 2989 8047 8048 8049 219 2754 8054 8057 8059 8064 8121 207 1745 8033 8034 8035 8037 8038 8039 206 4554 4555 4558 8040 8041 8042 333 4559 4560 209 210 7903 7920 7929 8016 8026 208 215 216 4552 4553 8043 8044 8045 8050 218 1747 3099 4788 8058 8060 8061 8062 228 1851 4556 8096 8097 8099 229 4150 8063 8100 8101 8102 8104 366 367 368 4565 5096 221 4547 8065 8066 8067 8068 8069 217 2751 8052 8053 8055 8056 225 1748 8070 8071 8072 8073 8074 231 232 3104 8090 8091 8092 8093 8094 8095 227 3108 4787 8098 8103 230 8105 8106 8107 4551 4789 8036 8051
}

gc_conquer_the_north_african_coast_provinces = {
	5219 4563 4564 2469 345 2470
}

gc_por_oman_provinces = {
	5333 399 400 5334
}

eng_rb_take_baleares_provinces = {
	4559 127 2986 4735 5091 7095 7097 7099
}

eng_rb_take_mediterranean_islands_provinces = {
	126 163 3180 7106 7107 321 5139 5145 6076 6077 6078
}

eng_rb_take_delta_provinces = {
	358 362 363 2316 4316 4317 5261
}

eng_rb_take_bahari_provinces = {
	2315 359 361 4318 5264 5267
}

eng_rb_conquer_burgundy_provinces = {
	87 88 89 7965 7966 7968 7969 7973 7974 191 192 1877 3091 4392 7938 7951 7952 8028 193 3092 4764 7939 7940 7942 8029 8030
}

eng_rb_brittany_provinces = {
	169 172 4384 7992 7993 7994 7995 7996 8013 170 171 3068 7997 7998 7999
}

eng_rb_angevin_provinces = {
	7979 180 3077 4111 4386 4387 7932 7933 7934 173 176 3083 7924 7926 174 194 3081 7925 7927 7928 7930 175 7919 7921 7922 167 1879 3073 7967 7970 7971 7972 7982 168 3110 4385 7983 7984 7985 7986 7987 195 4697 7918 7931 199 3087 7914 7915 7916 4389 7935 7936 7937 177 178 7980 7988 7989 7990 7991
}

gbr_rb_india_landfall_provinces = {
	561 2081 4476 4477
}

gbr_rb_india_coast_provinces = {
	552 2038 2043 2049 4441 543 549 2080 2084 4425
}

gbr_rb_india_landgrab_provinces = {
	558 4469 4472 4489 555 2055 2095 4490 523 2094 4494 4495 4497 563 2044 4479
}

gbr_rb_india_princedoms_provinces = {
	542 2037 4436 4439 569 1948 2035 4435 547 2048 4445 4446 4448 560 2096 4450 4470 4471 553 2082 4447 4451 4452
}

eng_rb_take_shetland_and_faro_isles_provinces = {
	369 1978 1979
}

#NB: Identical to nor_conquer_ireland_provinces
conquer_ireland_provinces = {
	373 374 3009 4120 4379 8163 8165 372 3005 3006 4121 4380 8156 8157 8158 8159 375 4118 4377 4378 8164 8166 8167 8168 8169 376 3014 4119 8160 8161 8162
	# the source trigger for this provincegroup contained triggers not representable in provincegroups, please move these triggers to the mission this provincegroup is referenced in. 
}

#NB: Identical to bt_nor_conquer_scotland_provinces + nor_conquer_the_isles_provinces
conquer_scotland_provinces = {
	253 4363 4364 4365 #Isles
	248 4361 8145 8146 8148 8149 8150 249 3008 3019 4362 8147 252 3137 3138 4110 8153 8154 8155 250 251 3139 8151 8152 #Scotland
	# the source trigger for this provincegroup contained triggers not representable in provincegroups, please move these triggers to the mission this provincegroup is referenced in. 
}

vassalize_france_provinces = {
	182 183 185 3070 7960 7961 7962 7963
}

recover_konkan_coast_provinces = {
	530 2089 4429
}

mission_secure_khandesh_provinces = {
	527 4434 4453
}

conquer_gujarat_provinces = {
	529 516 2051 2054 4457 4512 503 2053 4456 4480 517 2036 4430 515 521 2052 4454 4455
}

arabian_sea_trade_ports_provinces = {
	400 431 504 2999
}

persian_gulf_provinces = {
	408 2340 4288 6145 412 2217 4289 4290 4342 430 2219 2223 4332
}

southern_frontier_provinces = {
	541 1949 2090 4423 4424
}

bijapur_karnatak_provinces = {
	533 2031 4421 4422 4426 538 2085 4414 534 535 537 4410 4413 531 2029 2030 2032 4427
}

conquer_malwa_provinces = {
	526 2056 2057 2093 4461 525 528 740 4464 4465
}

conquer_andhra_provinces = {
	543 549 2080 2084 4425
}

golconda_karnatak_provinces = {
	2083 4418 4419 4420 539 540 1947 2027 4417 2026 4415 4416 536 2101 4412
}

bng_conquer_orissa_provinces = {
	552 2038 2043 2049 4441
}

bng_garjat_fealty_provinces = {
	560 2096 4450 4470 4471 553 2082 4447 4451 4452 547 2048 4445 4446 4448
}

bng_conquer_malwa_1_provinces = {
	2097 2098 4468 550 551 2092 4458 4460
}

bng_conquer_multan_provinces = {
	506 2079 2086 4508 4509 504 2088 4503 4504 505 2072 4505
}

bng_conquer_jaunpur_provinces = {
	558 4469 4472 4489 523 2094 4494 4495 4497 555 2055 2095 4490 524 556 2063 4496 2061 4498 4499
}

bng_conquer_delhi_provinces = {
	522 2060 2062 510 2065 4411 4463 507 2075 2076 4510 4513
}

bng_conquer_malwa_2_provinces = {
	525 528 740 4464 4465 559 2059 4459 4466 4467 526 2056 2057 2093 4461
}

bng_conquer_malwa_provinces = {
	2097 2098 4468 550 551 2092 4458 4460 #malwa_1
	525 528 740 4464 4465 559 2059 4459 4466 4467 526 2056 2057 2093 4461 #malwa_2
	# the source trigger for this provincegroup contained triggers not representable in provincegroups, please move these triggers to the mission this provincegroup is referenced in. 
}

bng_conquer_arakan_provinces = {
	579 2402 8584 8585 8643
}

bng_conquer_burma_1_provinces = {
	586 590 1815 2403 4399 8600 8650 8651 585 4394 4395 4396 4844 8679 579 2402 8584 8585 8643
}

bng_tiger_mission_provinces = {
	510 2065 4411 4463 2077 2078 4511 523 2094 4494 4495 4497 2061 4498 4499 555 2055 2095 4490 522 2060 2062 524 556 2063 4496 507 2075 2076 4510 4513 506 2079 2086 4508 4509 558 4469 4472 4489 2047 4484 4487 4488 525 528 740 4464 4465 2097 2098 4468 559 2059 4459 4466 4467 509 511 2069 4493 557 2070 2071 4483 4485 554 4491 4492 508 2073 2074 4449 4521 570 573 2041 564 2039 4474 4475 4478 562 2045 2046 4486 567 568 2091 4473 560 2096 4450 4470 4471 553 2082 4447 4451 4452 563 2044 4479 561 2081 4476 4477 552 2038 2043 2049 4441 547 2048 4445 4446 4448 566 571 2040 2042 4440
}

bng_conquer_koch_provinces = {
	562 2042
}

bng_conquer_assam_provinces = {
	562 2045 2046 4486 566 571 2040 2042 4440 567 568 2091 4473 570 573 2041
}

bng_conquer_burma_2_provinces = {
	581 584 2399 4393 8676 8677 8678 580 582 2395 2396 2397 2398 4404 4405 8551
}

bng_conquer_burma_provinces = {
	586 590 1815 2403 4399 8600 8650 8651 585 4394 4395 4396 4844 8679 579 2402 8584 8585 8643 #burma_1
	581 584 2399 4393 8676 8677 8678 580 582 2395 2396 2397 2398 4404 4405 8551  #burma_2
	# the source trigger for this provincegroup contained triggers not representable in provincegroups, please move these triggers to the mission this provincegroup is referenced in. 
}

bng_conquer_china_provinces = {
	661 2165 2166 2167 8554
}

bng_conversion_provinces = {
	2046 564 2039 4474 4475 4478 563 2044 4479 561 2081 4476 4477
}

dlh_jnp_reconquest_provinces = {
	524 2063 2059 4497 523 4495 2061 4498 4499
}

dlh_jnp_reconquest_2_provinces = {
	524 556 2063 4496 523 2094 4494 4495 4497 555 2055 2095 4490 558 4469 4472 4489
}

dlh_conquer_bengal_provinces = {
	563 2044 4479 561 2081 4476 4477 562 2045 2046 4486 564 2039 4474 4475 4478
}

dlh_conquer_orissa_provinces = {
	560 2096 4450 4470 4471 552 2038 2043 2049 4441
}

dlh_lodi_sayyids_provinces = {
	522 2060 2062 510 2065 4411 4463 507 2075 2076 4510 4513
}

dlh_reconquer_multan_provinces = {
	506 2079 2086 4508 4509
}

dlh_conquer_malwa_provinces = {
	525 528 740 4464 4465 526 2056 2057 2093 4461 550 551 2092 4458 4460
}

dlh_conquer_gujarat_provinces = {
	503 2053 4456 4480 516 2051 2054 4457 4512 517 2036 4430
}

dlh_conquer_afghans_provinces = {
	448 451 452 578 2226 2077 2078 4511
}

dlh_conquer_sind_provinces = {
	504 2088 4503 4504 505 2072 4505
}

dlh_conquer_rajputs_provinces = {
	513 514 2067 4506 518 2058 2087 4462 4501 519 520 2064 4500 512 2066 4502 4507
}

dlh_conquer_marathas_provinces = {
	527 4434 4453 529 530 2089 4429 544 545 4432 4433 4437 1946 2034 4431 546 548 2050 4442 4443
}

dlh_conquer_deccan_provinces = {
	538 2085 4414 539 540 1947 2027 4417 2083 4418 4419 4420 550 551 2092 4458 4460 2028 4438 4444 542 2037 4436 4439 532 2033 4428 541 1949 2090 4423 4424 534 535 537 4410 4413 529 530 2089 4429 1946 2034 4431 544 545 4432 4433 4437 531 2029 2030 2032 4427 569 1948 2035 4435 533 2031 4421 4422 4426 546 548 2050 4442 4443
}

mer_conquer_kathiawar_provinces = {
	503 2053 4456 4480 515 521 2052 4454 4455 516 2051 2054 4457 4512
}

mer_avanti_provinces = {
	526 2056 2057 2093 4461
}

mer_unite_rajputana_provinces = {
	525 528 740 4464 4465 519 520 2064 4500 512 2066 4502 4507 513 514 2067 4506
}

mer_reclaim_delhi_provinces = {
	510 2065 4411 4463 522 2060 2062
}

mer_restore_kanyakubja_provinces = {
	2061 4498 4499 523 2094 4494 4495 4497 524 556 2063 4496
}

mer_magadha_provinces = {
	562 2045 2046 4486 563 2044 4479 560 2096 4450 4470 4471 2047 4484 4487 4488 558 4469 4472 4489 555 2055 2095 4490
}

mer_conquer_punjab_provinces = {
	507 2075 2076 4510 4513 506 2079 2086 4508 4509
}

mer_conquer_sindh_provinces = {
	504 2088 4503 4504 505 2072 4505
}

mer_hills_of_gondwana_provinces = {
	550 551 2092 4458 4460 2097 2098 4468 559 2059 4459 4466 4467
}

vij_bah_reconquest_provinces = {
	532 2033 4428
}

vij_defeat_bahmanis_provinces = {
	569 1948 2035 4435 542 2037 4436 4439
}

vij_marathas_provinces = {
	2028 4438 4444 529 530 2089 4429 1946 2034 4431 544 545 4432 4433 4437 546 548 2050 4442 4443
}

vij_africa_conquest_provinces = {
	1201 1202 1205
}

vij_ceylon_conquest_provinces = {
	2100 4408 4409 572 2099 4407
}

vij_aden_conquest_provinces = {
	387 388 4279 4280 5239
}

vij_mysore_conquest_provinces = {
	533 2031 4421 4422 4426
}

vij_malabar_provinces = {
	531 2029 2030 2032 4427 534 535 537 4410 4413 536 2101 4412
}

vij_conquer_andhra_provinces = {
	543 549 2080 2084 4425 2083 4418 4419 4420
}

vij_conquer_orissa_provinces = {
	552 2038 2043 2049 4441
}

vij_chola_conquest_provinces = {
	593 594 2390 2391 8577 8578 8673
}

vij_rajendra_ambition_provinces = {
	598 599 2393 4814 8674 8675 595 596 2392 8668 8669 8670 593 594 2390 2391 8577 8578 8673 597 659 2686 4815 8559 2394 4812 4813 8667 8672 617 2673 2674 2685 4811 8632 8688 618 4808 4809 4810 8689 620 2675 2676 4816 8602 8604 8691 619 621 2680 2681 2682 2683 2684 4817 4818 8606 623 8693 8694 8695 622 2677 2678 2679 8571 8603 8692
}

gc_ara_genoa_provinces = {
	1247 5092 7038 7040 101 2992 7053 7054 7055 7056
}

#NB: Identical to ara_crowns_of_iberia_provinces
gc_ara_crowns_of_iberia_provinces = {
	1746 2755 2989 8047 8048 8049 219 2754 8054 8057 8059 8064 8121 207 1745 8033 8034 8035 8037 8038 8039 208 215 216 4552 4553 8043 8044 8045 8050 209 210 7903 7920 7929 8016 8026 206 4554 4555 4558 8040 8041 8042 4551 4789 8036 8051 217 2751 8052 8053 8055 8056 218 1747 3099 4788 8058 8060 8061 8062 224 226 1749 4548 8075 8076 8077 8078 8079 8080 225 1748 8070 8071 8072 8073 8074 222 223 4546 8081 8082 8083 8084 8085 8086 8087 221 4547 8065 8066 8067 8068 8069
	# the source trigger for this provincegroup contained triggers not representable in provincegroups, please move these triggers to the mission this provincegroup is referenced in. 
}

gc_ara_portugal_provinces = {
	229 4150 8063 8100 8101 8102 8104 228 1851 4556 8096 8097 8099 231 232 3104 8090 8091 8092 8093 8094 8095 227 3108 4787 8098 8103 230 8105 8106 8107
}

gc_ara_mare_nostrum_1_provinces = {
	2465 334 335 1751 4561 5210 5218
}

gc_ara_venice_provinces = {
	108 112 1774 4729 7076 7081 7084 7085 7086 7087
}

gc_ara_italy_1_provinces = {
	115 116 2978 2980 3042 7047 7049 7051 7059 117 3040 7039 7041 7042 7043 7044 7046 7050 103 2981 7048 7058 7061 7065 7066 7070 7071 102 1875 4727 7052 7062 7063 7064 2979 3045 7072 7075 7079 7080
}

gc_ara_italy_2_provinces = {
	7088 7089 7094 7098 111 1769 4738 7091 7096 104 3054 4728 4740 7078 107 109 1862 3294 4739 7083
}

gc_ara_italy_3_provinces = {
	7012 114 7028 7031 7032 7033 105 7045 7057 7060 106 113 4730 7067 7068 119 2977 7025 7026 7027 7029 7030 7034 7035 7037 2976 4731 7022 7024 7036 118 3295 4732 7019 7020 7021
}

gc_ara_italy_provinces = {
	115 116 2978 2980 3042 7047 7049 7051 7059 117 3040 7039 7041 7042 7043 7044 7046 7050 103 2981 7048 7058 7061 7065 7066 7070 7071 102 1875 4727 7052 7062 7063 7064 2979 3045 7072 7075 7079 7080 #italy_1
	7088 7089 7094 7098 111 1769 4738 7091 7096 104 3054 4728 4740 7078 107 109 1862 3294 4739 7083 #italy_2
	7012 114 7028 7031 7032 7033 105 7045 7057 7060 106 113 4730 7067 7068 119 2977 7025 7026 7027 7029 7030 7034 7035 7037 2976 4731 7022 7024 7036 118 3295 4732 7019 7020 7021 #italy_3
	# the source trigger for this provincegroup contained triggers not representable in provincegroups, please move these triggers to the mission this provincegroup is referenced in. 
}

gc_ara_mare_nostrum_2_provinces = {
	4752 7735 7734 1826 136 137 4753 4754 7730 7731 7732 7733 138 3182 5094 7708
}

gc_ara_navarra_provinces = {
	210 7920 7903 7929
}

gc_ara_provence_provinces = {
	201 202 2991 4696 7890 7891 7892 7893 7894
}

gc_ara_occitania_provinces = {
	205 3046 4719 7913 8031 203 4777 7908 7909 7911 204 3089 7895 7896 7897 7910 200 3085 4391 7898 7899 7906 196 2753 4694 4695 7900 7901 7904 198 4112 7905 7907 190 199 3087 7914 7915 7916 7917 195 4697 7918 7931 174 194 3081 7925 7927 7928 7930 175 7919 7921 7922 173 176 3083 7923 7924 7926
}

#NB: Identical to integrate_naples_provinces
gc_ara_naples_provinces = {
	124 125 126 2982 4736 4737 7001 7002 122 1933 2985 7005 7006 7007 7011 123 1934 2984 7003 7004 7008 121 2983 3039 4734 7009 7016 7017 120 4733 7013 7014 7015
	# the source trigger for this provincegroup contained triggers not representable in provincegroups, please move these triggers to the mission this provincegroup is referenced in. 
}

#NB: Identical to conquer_athens_provinces
gc_ara_athens_provinces = {
	145 1773 3178 3179 4701 7100 7101 7102 7163 144 4699 7132 7133 7140 7141 146 3003 3177 7109 7110 7111 7113 7114 142 4698 7125 7126 3175 7108 7112 7115 147 3174 7117 7118
	# the source trigger for this provincegroup contained triggers not representable in provincegroups, please move these triggers to the mission this provincegroup is referenced in. 
}

gc_ara_mare_nostrum_3_provinces = {
	163 3180 7106 7107 164 320 2348 3195 4700 6096 321 5139 5145 6076 6077 6078
}

gc_ara_albania_provinces = {
	143 3181 4174 4175 4750 7143 7144
}

gc_ara_constantinople_provinces = {
	148 1853 7122 7123 7124 7142 3001 3183 4780 7146 7147 7148 3167 4702 7120 7127 7128 7129 149 151 3170 4705 4779 7130 7134 7136 7137 7138
}

gc_ara_mare_nostrum_4_provinces = {
	316 317 4312 5157 6001 6002 6016 2296 5130 5156 5171 6004 318 6005 6007 2298 5147 5162 6013 6014 6020 327 2302 5135 5138 5154 5161 6021 6025 325 328 2299 4313 5164 6033 329 2300 2304 5152 6034 6035 6037 6038 330 1846 3248 4315 5206 6040
}

gc_ara_mare_nostrum_5_provinces = {
	1849 4297 382 364 364 379 1854 1855 5180 6071 378 4297 5205 6074 6075 377 4271 6095
}

gc_ara_mare_nostrum_provinces = {
	2465 334 335 1751 4561 5210 5218 #mare_nostrum_1
	4752 7735 7734 1826 136 137 4753 4754 7730 7731 7732 7733 138 3182 5094 7708 #mare_nostrum_2
	163 3180 7106 7107 164 320 2348 3195 4700 6096 321 5139 5145 6076 6077 6078 #mare_nostrum_3
	316 317 4312 5157 6001 6002 6016 2296 5130 5156 5171 6004 318 6005 6007 2298 5147 5162 6013 6014 6020 327 2302 5135 5138 5154 5161 6021 6025 325 328 2299 4313 5164 6033 329 2300 2304 5152 6034 6035 6037 6038 330 1846 3248 4315 5206 6040 #mare_nostrum_4
	1849 4297 382 364 364 379 1854 1855 5180 6071 378 4297 5205 6074 6075 377 4271 6095 #mare_nostrum_5
	# the source trigger for this provincegroup contained triggers not representable in provincegroups, please move these triggers to the mission this provincegroup is referenced in. 
}

gc_ara_barbary_ports_provinces = {
	336 337 338 2459 2461 4562 5322
}

gc_ara_tunis_provinces = {
	339 340 1882 5318 5319 5321 5323 341 2453 2454 2455 2473 4566 5224 5225 5314 5317 5313 5315 5320 5325 5326
}

gc_ara_alexandria_provinces = {
	5312 352 353 2954 356 357 2326 5274 5272 2325 358 362 363 2316 4316 4317 5261 354 355 2451 2452 5311
}

#NB: Identical to gc_cas_spa_reconquista_three_provinces
emp_pro_aragon_provinces = {
	220 1750 4549 4550 8088 8089 197 212 213 2987 2988 4557 7889 8113 8114 8115 211 214 2990 3095 8108 8109 8110 8111 8116 8117 333 4559 4560
	# the source trigger for this provincegroup contained triggers not representable in provincegroups, please move these triggers to the mission this provincegroup is referenced in. 
}

#NB: Identical to gc_ara_occitania_provinces
emp_pro_occitania_provinces = {	
	205 3046 4719 7913 8031 203 4777 7908 7909 7911 204 3089 7895 7896 7897 7910 200 3085 4391 7898 7899 7906 196 2753 4694 4695 7900 7901 7904 198 4112 7905 7907 190 199 3087 7914 7915 7916 7917 195 4697 7918 7931 174 194 3081 7925 7927 7928 7930 175 7919 7921 7922 173 176 3083 7923 7924 7926
	# the source trigger for this provincegroup contained triggers not representable in provincegroups, please move these triggers to the mission this provincegroup is referenced in. 
}

#NB: Identical to austrian_hungary_provinces + conquer_transylvania_provinces
emp_pro_hungary_provinces = {
	135 1772 3051 8174 8175 8184 8185 1864 3151 4240 8171 8172 8186 8190 8191 8494 8495 154 1318 4236 8178 8182 8194 8195 8196 8197 153 3148 4125 4126 4173 7740 8183 8192 8193 8201 #austrian_hungary
	1952 158 4127 8205 8207 8209 8212 8215 1951 3154 4128 8208 8210 8211 8213 7743 7744 7745 7746 #conquer_transylvania
	# the source trigger for this provincegroup contained triggers not representable in provincegroups, please move these triggers to the mission this provincegroup is referenced in. 
}

#NB:Identical to integrate_naples_provinces - adu_retake_sicily_provinces
emp_pro_naples_provinces = {
	122 1933 2985 7005 7006 7007 7011 123 1934 2984 7003 7004 7008 121 2983 3039 4734 7009 7016 7017 120 4733 7013 7014 7015
	# the source trigger for this provincegroup contained triggers not representable in provincegroups, please move these triggers to the mission this provincegroup is referenced in. 
}

#NB: Identical to adu_retake_sicily_provinces
emp_pro_sicily_provinces = {
	124 125 126 2982 4736 4737 7001 7002
	# the source trigger for this provincegroup contained triggers not representable in provincegroups, please move these triggers to the mission this provincegroup is referenced in. 
}

emp_pro_jerusalem_provinces = {
	364 379 1854 1855 5180 6071 365 4268 5181 380 381 4270 5203
}

emp_pro_france_provinces = {
	169 172 4384 7992 7993 7994 7995 7996 8013 170 171 3068 7997 7998 7999 167 1879 3073 7967 7970 7971 7972 7982 168 3110 4385 7983 7984 7985 7986 7987 201 202 2991 4696 7890 7891 7892 7893 7894 174 194 3081 7925 7927 7928 7930 173 176 3083 7923 7924 7926 191 192 1877 3091 4392 7938 7951 7952 8028 193 3092 4764 7939 7940 7942 8029 8030 200 3085 4391 7898 7899 7906 190 199 3087 7914 7915 7916 7917 205 3046 4719 7913 8031 189 7945 7946 7949 8423 8424 87 88 89 7965 7966 7968 7969 7973 7974 182 183 185 3070 7960 7961 7962 7963 184 3075 4388 4776 7957 7958 7979 7981 177 178 7980 7988 7989 7990 7991 180 3077 4111 4386 4387 7932 7933 7934 181 186 3071 4390 7950 7953 7955 7956 7964 179 4389 7935 7936 7937 7959 203 4777 7908 7909 7911 196 2753 4694 4695 7900 7901 7904 204 3089 7895 7896 7897 7910 198 4112 7905 7907 175 7919 7921 7922 195 4697 7918 7931 187 188 8421 8422 4766 7947
}

bav_expand_in_bavaria_provinces = {
	1757 76 2957
}

conquer_franken_provinces = {
	66 67 71 79 4715 4716 4717 4718 8449 8450 8451 8452 
}

conquer_ansbach_provinces = {
	68 69 70 71 1868 1872 3204 3206 4711 4712 4713 8434 8435 8436 8437 8438 8442 8443 8444 8445 8446 8447 8448
}

emp_bav_union_with_palatinate_provinces = {
	4767 1761 77 1757
}

emp_bav_conquer_tirol_provinces = {
	73 110 1768 3048 4758 7095 8482 8483 
}

emp_bav_sway_cologne_provinces = {
	84 85 1878 2975 4768 8409 8410 8411 8412 8413
}

emp_bav_tame_brandenburg_provinces = {
	50 51 1759 2993 4748 8267 8269 8270 49 2969 4747 7821 8266
}

emp_bav_union_with_austria_provinces = {
	133 134 1770 4760 4761 4762 8470 8471 8472 8473 8474 132 1863 3050 4751 8216 8466 8467 8468 8469 8475 8476 8477 8478 8479 128 4759 8480 8481
}

emp_bav_italian_sun_provinces = {
	108 112 1774 4729 7076 7081 7084 7085 7086 7087 7088 7089 7094 7098 111 1769 4738 7091 7096
}

emp_bav_netherlands_provinces = {
	100 1931 4382 8119 8299 8401 96 97 98 4383 7954 7975 8112 92 95 1744 4770 8019 99 3060 3063 8017 8032
}

emp_brapru_reclaim_neumark_provinces = {
	49 7821 4747
}

emp_brapru_conquer_pomerania_provinces = {
	47 2994 4745 7815 7816 7817 7842 48 1858 2995 4746 7818 7819 7823 7824
}

emp_brapru_connect_the_prussian_lands_provinces = {
	8229 2963 4523 50 51 1759 2993 4748 8267 8269 8270 49 2969 4747 7821 8266 43 2997 5097 7825 7826 7827 7828 41 42 1841 1859 2958 7829 7833 7834 7862 767 7830 7831 7832 40 3224 7835 7836 7837
}

emp_brapru_conquer_silesia_provinces = {
	60 1763 4778 8262 8263 8264 8265 8268 
	263 3142 4723 8221 8239 8240 8241 
	264 8243 8244 8249 8251 
	2966 4238 8245 8246 8247 8248
	8252
}

emp_brapru_franconian_conquest_provinces = {
	4716 71 79 4715 4718 8449 8450 66 67 4717 8451 8452
}

emp_brapru_prussia_partitions_poland_provinces = {
	256 8230 4525 258 4533 8225 254 255 2963 4526 8226 8227 8228 8229 1939 4523 4524 4528
}

emp_brapru_lower_saxony_provinces = {
	1931 8299 8401 44 1857 52 58 2964 4786 8271 53 4772 7810 8292 8293 8294 8295 54 1874 4771 8296 8297 8298
}

emp_brapru_westphalian_conquest_provinces = {
	86 3292 3199 3200 8406 8407 82 2972 3201 3202 3203 4775 8408 55 56 2971 2973 8402 8403 8404 8405 57 1758 4742 4773 8288 8289 8290 8291
}

emp_brapru_kiel_canal_provinces = {
	13 7773 3135 44 45 1775 1857 4141 7775 7776 7777 7778
}

emp_brapru_duchy_of_cleves_provinces = {
	84 85 1878 2975 4768 8409 8410 8411 8412 8413
}

emp_brapru_rhineland_conquest_provinces = {
	77 8434 8435 80 1760 3198 8414 8415 8416 8417 81 1762 3209 4774 8425 8426 8427 8429 1761 4767 8431 8432 8433 78 83 1876 3207 8428 8430
}

#Aceh missions ATJ/PSA
#Aceh area + Langkat
atj_conquer_aceh_provinces = {
	617 2673 2674 2685 4811 8688 4809
}
#batak+central_sumatra+minangkabau - IDG tag to match vanilla mission
atj_sumatra_campaign_provinces = {
	618 4808 4809 4810 8689 619 621 2680 2681 2682 2683 2684 4817 4818 8606 
	620 2675 8602 	
}
#4 areas + 2 provinces to match vanilla borders
atj_peninsula_campaign_provinces = {
	597 659 2686 4815 8559 595 596 2392 8668 8669 8670 2394 4812 4813 8667 8672 598 599 2393 4814 8674 8675 
	594 8673
}

#LotN Norwegian tree
nor_conquer_scotland_provinces = { #(Almost) identical to conquer_scotland_provinces
	248 4361 8145 8146 8148 8149 8150 249 3008 3019 4362 8147 252 3137 3138 4110 8153 8154 8155 250 251 3139 8151 8152
	253 4363 4364 4365
	369 1978 #Adding provinces that risk being lost to Scotland due to Mary Queen of Scots.
}

#LotN Swedish tree
swe_conquer_scania_provinces = {
	6 26 1982 4165 7766 7779 
}

swe_claim_norwegian_crown_provinces = { #num_of_provinces trigger
	16 #Bohuslen is for whatever reason missing from the LotN mission tree.
	21 315 3119 7747 7789 
	17 22 3117 4143 4144 7780 7781 7783 7784 
	23 24 2752 3118 4145 7772 7782 7785 7786 7809
	10 20 7787 7788 7796
}

swe_fall_of_denmark_provinces = { #num_of_provinces trigger
	12 14 1983 7767 7768 
	15 1984 4142 4149 7769 7770 7771 
	13 3134 3135 7773 7774 
	44 45 1775 1857 4141 7775 7776 7777 7778 #Adding Holstein area to this, but none of the provinces here shall be necessary for the mission.
}

swe_swedish_pommerania_provinces = { #num_of_provinces trigger
	48 1858 2995 4746 7818 7819 7823 7824 
	47 2994 4745 7815 7816 7817 7842 
	46 2996 4749 7811 7812 7813 
}

swe_the_livonian_order_provinces = { #num_of_provinces trigger
	35 36 1842 3230 3231 7853 7855 7856 7857 
	38 4241 7843 7844 7845 7848 7849 
	1834 3229 7850 7851 7852 
	#Optional provinces
	39 3227 7838 7839 7840 7854 
	37 273 7846 7847 
	1935 3293 7841 
}

swe_the_teutonic_order_provinces = { #num_of_provinces trigger
	43 2997 5097 7825 7826 7827 7828 
	41 42 1841 1859 2958 7829 7833 7834 7862 
	40 3224 7835 7836 7837 
	767 7830 7831 7832 
}

lotn_swe_expand_finland_provinces = { #Identical to swe_expand_finland_provinces
	30 32 4124 7806 7808 
	33 34 5644 5646	
}

dan_livonian_order_provinces = {
	35 36 1842 3230 3231 7853 7855 7856 7857 
}

dan_land_in_northumberland_provinces = {
	245 4367 4785 8133 8134 
	244 247 4375 8135 
	246 4368 8136 8137
}

dan_conquer_england_provinces = { #Includes dan_land_in_northumberland_provinces
	245 4367 4785 8133 8134 
	244 247 4375 8135 
	246 4368 8136 8137 #18
	#Rest of English
	233 234 239 4130 4373 4374 8122 8124 8170 
	235 236 237 238 4371 8123 8125 8127 
	243 1861 4372 4376 8126 8128 8130 8131 
	1860 3028 4370 #28
	#Wales
	242 8138 8139 8140 8141 
	240 4366 8129 8142 
	241 3034 3036 4369 8143 8144 #15
}

ukr_access_to_the_baltic_provinces = {
	270 272 770 4536 7218 7219 
	1936 4534 4535 7213 7216 7861 
	271 3226 7210 7212 7859 7860 
	1935 3293 7841 
	39 3227 7838 7839 7840 7854 
	38 4241 7843 7844 7845 7848 7849 
	37 273 7846 7847 
	1834 3229 7850 7851 7852 
	35 36 1842 3230 3231 7853 7855 7856 7857
}

ukr_conquer_poland_provinces = {
	#Poland proper: 39 (Includes an area in Ruthenia)
	262 2960 3220 8222 8224 
	259 260 2959 3221 8223 8234 
	256 257 1938 4525 7264 8230 8231 8232 8233 
	258 4527 4533 8225 
	1939 4523 4524 4528 
	254 255 2963 4526 8226 8227 8228 8229
	3223 3225 7211 
	#Silesia: 19
	263 3142 4723 8176 8221 8239 8240 8241 
	264 8243 8244 8249 8251 
	2966 4238 8245 8246 8247 8248 
	#Prussia: 25
	43 2997 5097 7825 7826 7827 7828 
	41 42 1841 1859 2958 7829 7833 7834 7862 
	767 7830 7831 7832 
	40 3224 7835 7836 7837 
	
}

ukr_reclaim_novgorod_provinces = {
	310 311 3273 5645 7871 7872 7873 7874 7875 7879 
	33 34 5644 5646 
	274 1960 5642 5643 
	1961 2749 7867 7868 7869 7870 7876 
	1959 4260 4261 5653 5654 7877 
	309 1776 5647 5648 7865 7866 
	1958 3282 4258 5652 
	313 1955 3284 4122 4129 4256 4257 4259 5673 
	1777 5649 5650 
}

ukr_finnish_borderlands_provinces = {
	30 32 4124 7806 7808 
	27 28 29 31 3128 4123 7803 7804 7805 7807 
	19 4113 4151 4152 7801 7802 7864 
}

ukr_reclaim_chernigov_provinces = {
	289 290 2407 4542 7237 7248 7250 7255 7256 
	298 1945 3246 3267 4543 5670 7249 7252 
}

ukr_reclaim_ruthenia_provinces = { #129
	289 290 2407 4542 7237 7248 7250 7255 7256 
	298 1945 3246 3267 4543 5670 7249 7252 
	297 3270 4244 7882
	4115 4246 7229 7234 7235 7236 7238 7240
	292 771 4242 7217 7222 7227
	276 4544 4545 7220 7221 7225 7231
	275 5660 7214 7215 7858
	1937 4537 7223 7224 7226
	269 277 278 7230 7262 7263
	279 1940 4538 7243 7253 7266 7268
	261 2424 2961 4541 7267 7269 7270 7271 7273
	281 1943 3239 3241 4540 7206 7208 7209 7254 7272
	2962 3238 4539 7207 7244
	1941 7232 7233 7241 7245
	280 1942 1944 3242 4247 7228 7239 7242 7246 7259
	296 4116 5662 5663 5664 5666 5667 5680 5681
	293 3271 3301 4245 5684 5685 7881
	4148 4243 5661 7880
	162 1952 3146 8198 8204 
}

ukr_subjugate_moscow_provinces = {
	295 3277 4251 4252 5651 5659 5665 5682 5683 
	294 1752 3290 4248 4249 5656 5657 7878 
	308 312 1753 4117 4250 5655 
	307 1956 3276 3278 4147 4253 4254 5658 
	314 1755 1957 4262 4263 
	301 306 1754 1778 3279 5669 
	300 2408 3268 4255 5668 5679 
}

ukr_restore_tmutarakan_provinces = {
	284 285 2410 3244 3245 7190 7191 7192 7193 
	286 287 468 2413 2414 2447 
}

ukr_caucasus_border_provinces = {
	463 2197 2201 2416 3262 3263 
	2198 2199 2208 3261 4306 
	2195
	425
}

ukr_claim_wild_fields_provinces = {
	282 7195 7197 7279 
	283 1974 2406 7194 
	2411 3243 3302 7196 7198 7199 7202 7204 7251 7257 
	2412 7200 7201 7203 
	291 3247 7205 7258 
	299 467 2409 3266 3291 5671 
	288 466 1971 3265 
	464 2417 3264 
}

ukr_break_tatar_yoke_provinces = {
	302 304 2415 2423 5672 
	303 2418 2419 
	473 1081 4267 
	1082 1083 2422 3280 4264 
	1079 1972 3281 
	2421 4265 4266 
	305 1077 1962 1963 1964 5676 
	475 1965 1966 2420 2444 
	
}

mos_rus_window_on_the_west_provinces = { #Identical to tr_access_to_the_baltic_sea_provinces
	39 3227 7838 7839 7840 7854 
	35 36 1842 3230 3231 7853 7855 7856 7857 
	38 4241 7843 7844 7845 7848 7849 
	1834 3229 7850 7851 7852 37 273 7846 7847
}

mos_rus_conquer_finland_provinces = { #Identical to ukr_finnish_borderlands_provinces, and must remain identical as both missions use this specific one in their flavour event.
	30 32 4124 7806 7808 
	27 28 29 31 3128 4123 7803 7804 7805 7807 
	19 4113 4151 4152 7801 7802 7864 
}

mos_rus_subjugate_scandinavia_provinces = { #87
	#Sweden - 34
	11 18 3124 4114 7797 7798 7799 7800
	1 4 8 9 1930 1985 3122 3123 7794 7863 
	2 3 25 3120 3121 4166 7790 7792 7793 
	5 7 16 4163 4164 7791 7795 	
	#Norway - 29
	21 315 3119 7747 7789 
	17 22 3117 4143 4144 7780 7781 7783 7784 
	23 24 2752 3118 4145 7772 7782 7785 7786 7809
	10 20 7787 7788 7796 
	#Denmark - 24
	6 26 1981 1982 4165 7766 7779
	12 14 1983 7767 7768 
	15 1984 4142 4149 7769 7770 7771 
	13 3134 3135 7773 7774 
}

mos_rus_conquer_novgorod_provinces = {
	#Karelian area - 16
	32 4124 7808 #Removed Sweden's provinces from area
	309 1776 5647 5648 7865 7866 
	1777 5649 5650 
	33 34 5644 5646 	
	#Novgorod proper - 37
	1959 4260 4261 5653 5654 7877 
	313 1955 3284 4122 4129 4256 4257 4259 5673 
	1958 3282 4258 5652 
	310 311 3273 5645 7871 7872 7873 7874 7875 7879 
	1961 2749 7867 7868 7869 7870 7876 
	4148 #Because Novgorod
}

mos_rus_conquer_ruthenia_provinces = { #146
	#Ruthenia proper - East Slavic stuff - 124
	289 290 2407 4542 7237 7248 7250 7255 7256 
	298 1945 3246 3267 4543 5670 7249 7252 
	297 3270 4244 7882
	4115 4246 7229 7234 7235 7236 7238 7240
	292 771 4242 7217 7222 7227
	276 4544 4545 7220 7221 7225 7231
	275 5660 7214 7215 7858
	1937 4537 7223 7224 7226
	269 277 278 7230 7262 7263
	279 1940 4538 7243 7253 7266 7268
	261 2424 2961 4541 7267 7269 7270 7271 7273
	281 1943 3239 3241 4540 7206 7208 7209 7254 7272
	2962 3238 4539 7207 7244
	1941 7232 7233 7241 7245
	280 1942 1944 3242 4247 7228 7239 7242 7246 7259
	296 4116 5662 5663 5664 5666 5667 5680 5681
	293 3271 3301 4245 5684 5685 7881
	4148 4243 5661 7880	
	#Lithuanian lands - 22
	3223 3225 7211 
	270 272 770 4536 7218 7219 
	1936 4534 4535 7213 7216 7861 
	271 3226 7210 7212 7859 7860 
}

mos_rus_partition_poland_provinces = {
	#"Congress Poland" areas prov count - 23
	259 260 2959 3221 8223 8234 
	258 4527 4533 8225 
	256 257 1938 4525 7264 8230 8231 8232 8233 
	1939 4523 4524 4528
	#"Other Poland region" areas prov count - 33
	262 2960 3220 8222 8224 
	254 255 2963 4526 8226 8227 8228 8229 
	263 3142 4723 8176 8221 8239 8240 8241
	264 8243 8244 8249 8251 
	2966 4238 8245 8246 8247 8248 
}

mos_rus_carpathian_conquest_provinces = { #98. 49 in the three romanian duchies
	#Moldavia - 16
	1756 2405 3159 7277 7278 8220 
	3156 7274 7275 
	268 3157 4529 4530 7276 8180 8219 
	#Wallachia - 17
	2998 3160 4531 7756 7757 7758 
	161 7751 7752 7753 7754 7755 
	160 4532 7748 7749 7750 
	#Transylvania - 14
	1951 3154 4128 8208 8210 8211 8213 
	158 4127 8205 8207 8209 8212 8215 
	#Carpathian Ruthenia - 5
	162 1952 3146 8198 8204 
	#Banat - 7
	156 1954 7741 7743 7744 7745 7746 
	#Slovakia - 10 (Technically one from Carpathian Ruthenia and two from Hungary minus one more, so should be 12)
	154 1318 4236 8178 8182 8194 8195 8196 8197 
	#Hungary - 37
	155 157 1953 3152 8199 8200 8203 8206 8218 8493
	153 3148 4125 4126 4173 7740 8183 8192 8193 8201 
	135 1772 3051 8174 8175 8184 8185
	1864 3151 4240 8171 8172 8186 8190 8191 8494 8495
}

mos_rus_protect_south_slavs_provinces = { #105
	#Bulgaria - 34
	3164 3165 4706 7154 7759 7765 
	150 159 4704 7157 7158 7159 7706 
	2750 3168 3169 7149 7150 7151 
	1764 7139 7152 7155 7156 
	1765 3000 4703 7703 7705 7711 
	2746 7707 7714 7715 
	#Serbia - 27
	141 1827 3185 4176 4757 7717 
	3187 4239 7718 7739 
	1766 7700 7701 7702 7709 7710 7712 
	3001 3183 4780 7146 7147 7148 
	138 3182 5094 7708 
	#Bosnia - 16
	140 3002 3193 3194 4755 7722 7724 7725 
	139 1831 7721 7723 
	1828 7727 7728 7729 
	#Croatia - 21
	136 137 4753 4754 7730 7731 7732 7733 
	131 1826 3196 4752 7734 7735 7736 
	152 1767 3190 4756 7738 8187 
	#Albania - 7
	143 3181 4174 4175 4750 7143 7144 
}

tur_unify_anatolia_provinces = { #80
	2303 6101 
	5158
	330 1846 3248 4315 5206 
	329 2300 2304 5152 6034 6035 6037 6038 
	326 4314 5137 5150 5167 
	325 328 2299 4313 5164 6033 
	316 317 4312 5157 6001 6002 6016 
	2296 5130 5156 5171 6004 
	318 2297 5172 6005 6007 6041
	319 4308 4309 5134 6009 6010
	2298 5147 5162 6013 6014 6020 
	322 1848 4311 5155 5163 6019 
	323 324 5146 4307
	327 2302 5135 5138 5154 5161 6021 6025
	332 2301 6027 6028 6029 
}

tur_safeguard_eastern_anatolia_provinces = { #38
	331 2305 5151 6106
	3254 4302 6109 6110
	2306 2307 4296 5332 6112 6113
	4310 5330 6104 6107
	4179 4295 5295 5331 6114 6119 6121
	418 2308 4292 6100
	411 2309 4293 5296 6118 6120 6123 6125
	6040
}

tur_conquer_greece_provinces = {
	145 1773 3178 3179 4701 7100 7101 7102 7163 
	146 3003 3177 7109 7110 7111 7113 7114 
	144 4699 7132 7133 7140 7141 
	3175 7108 7112 7115 
}

tur_the_bospborus_control_provinces = {
	142 4698 7125 7126 
	163 3180 7106 7107 
	164 320 2348 3195 4700 6096
}

tur_push_into_the_balkans_provinces = { #57
	141 1827 3185 4176 4757 7717 
	1766 7700 7701 7702 7709 7710 7712 
	143 3181 4174 4175 4750 7143 7144 
	140 3002 3193 3194 4755 7722 7724 7725 
	131 1826 3196 4752 7734 7735 7736 
	152 1767 3190 4756 7738 8187 
	136 137 4753 4754 7730 7731 7732 7733 
	1828 7727 7728 7729 
	139 1831 7721 7723 
	138 3182 5094 7708 
	3187 4239 7718 7739 
	3000 7711
}

fra_subjugate_brittany_provinces = {
	169 172 4384 7992 7993 7994 7995 7996 8013
	170 171 3068 7997 7998 7999
}

fra_conquer_flanders_wallonia_provinces = { #Hainaut, Flanders, Brabant, Liege, Luxembourg, Saint-Pol
	91 1743 7976 7977 
	90 1865 3064 4769 8015 8018 8020 8021 
	92 95 1744 4770 8019
	93 1742 1866 2974 8014 8022 8023 8025
	94 3066 7948 8024 8027 8418 8419 8420
}

fra_reconquer_normandy_provinces = {
	167 1879 3073 7970 7971 7972 7982 #7967 #Eu
	168 4385 7983 7984 7985 7986 7987 #3110 #Channel Islands
	177 7980 #Maine and Perche
}

fra_conquer_picardy_provinces = { 
	181 186 3071 4390 7950 7953 7955 7956 7964 #Champagne
	88 89 7965 7966 7969 7974 #Burgundian Picardy
}

fra_conquer_milan_provinces = {
	104 3054 4728 4740 7078
	7048 7058 7070
	2979 7080
}

fra_french_claim_to_naples_provinces = {
	123 1934 2984 7003 7004 7008 
	122 1933 2985 7005 7006 7007 7011
	120 4733 7013 7014 7015
	121 2983 3039 4734 7009 7016 7017 #7012 #Benevento
}

fra_spanish_succession_provinces = {
	1746 2755 2989 8047 8048 8049 #castille_area
	219 2754 8054 8057 8059 8064 8121 #toledo_area
	207 1745 8033 8034 8035 8037 8038 8039 #asturias_area
	208 215 216 4552 4553 8043 8044 8045 8050 #leon_area
	218 1747 3099 4788 8058 8060 8061 8062 #extremadura_area
	209 210 7903 7920 7929 8016 8026 #basque_country
	4551 4789 8036 8051 #segovia_area
	217 2751 8052 8053 8055 8056 #new_castile_area
	221 4547 8065 8066 8067 8068 8069 #murcia_area
}

fra_reconquer_gascony_provinces = {
	173 174
	3083 7924 7925 7928
}

fra_annex_savoy_provinces = {
	205 3046 4719 7913 8031 
	103 2981 7061 7065 7066 7071
	1875 4727 7052 7063
	3045 7072 7075
}

fra_annex_genoa_provinces = {
	101 2992 7053 7054 7055
	102 7064
}

fra_conquer_burgundy_area_provinces = {
	191 192 1877 3091 4392 7938 7951 7952 8028
	193 3092 4764 7939 7940 8029 8030 #west_burgundy_area - mompelgard
}

fra_subjugate_lorraine_provinces = {
	187 8421 8422
	189 7949 7946 8423 8424
}

defend_the_american_colonies_provinces = {
	969 2563 2564 4871 4873 968 970 2013 2561 966 967 2010 2560 2562 4874 
	963 965 2558 2639 956 957 962 2023 960 961 964 2559 4912 
	954 958 959 4872 4875 955 2555 2556 2557 4876 971 2565 2566 5052 
	2567
}

conquer_florida_provinces = {
	950 952 953 2550 2554 4877 949 2011 2549 2552 2553 4878 933 937 
	2541 2544 2545 4882 938 2546 2547 932 2542 2543 929 2537 2539 4881 
	930 2538 2540 4880 926 2535 2536 4625 4626 927 928 2534 
	951 2548 2551 4889 931 935 936 2527 4879 921 922 923 2530 2533 
	920 2528 2529 4884 918 919 939 4887 4913 
	924 925 2531 2532 4883 934 940 941 2526 4888 4921 
}

reach_the_mississippi_provinces = {
	893 894 895 2014 2516 4885 
	900 902 905 2513 2514 4905 4906 
	897 899 2509 2515 4886 4908 4914 4923 
}

pol_moldavia_provinces = {
	1756 2405 3159 7277 7278 8220
	3156 7274 7275
	268 3157 4529 4530 7276 8180 8219
}

pol_wallachia_provinces = {
	2998 3160 4531 7756 7757 7758 
	160 4532 7748 7749 7750
	161 7751 7752 7753 7754 7755 
}

plc_cross_wild_field_provinces = {
	149 151 3170 4705 4779 7130 7134 7136 7137 7138 
	1765 3000 4703 7703 7705 7711 
	3164 3165 4706 7154 7759 7765 
	2750 3168 3169 7149 7150 7151
	1764 7139 7152 7155 7156 
	150 159 4704 7157 7158 7159 7706
	2746 7707 7714 7715 
}
pol_prussia_confederation_provinces = {
	41 42 1841 1859 2958 7829 7833 7834 7862
	43 2997 5097 7825 7826 7827 7828 
	40 3224 7835 7836 7837 
	767 7830 7831 7832 
}
plc_break_livonia_provinces = {
	35 36 1842 3230 3231 7853 7855 7856 7857 
	38 4241 7843 7844 7845 7848 7849 
	39 3227 7838 7839 7840 7854 
	37 273 7846 7847
	1834 3229 7850 7851 7852 
	1935 3293 7841 
}
plc_duchy_pomerania_provinces = {
	47 2994 4745 7815 7816 7817 7842 
	48 1858 2995 4746 7818 7819 7823 7824 
	49 2969 4747 7821 8266 
}

pol_throne_bohemia_provinces = {
	265 3297 4237 4726 8236 8237 8238 
	267 1771 2967 8255 8256 
	266 2970 4724 8253 8254 8257 8260 8252
	2968 4725 8258 8259 
	60 1763 4778 8262 8263 8264 8265 8268
	263 3142 4723 8221 8239 8240 8241 
	2966 4238 8245 8246 8247 8248 
	264 8243 8244 8249 8251 
}
pol_protect_hungary_provinces = {
	135 1772 3051 8174 8175 8184 8185
	153 3148 4125 4126 4173 7740 8183 8192 8193 8201 
	1951 3154 4128 8208 8210 8211 8213 
	158 4127 8205 8207 8209 8212 8215 
	1864 3151 4240 8171 8172 8186 8190 8191 8494 8495
	162 1952 3146 8198 8204 
	156 1954 7741 7743 7744 7745 7746 
	154 1318 4236 8178 8182 8194 8195 8196 8197
	155 157 1953 3152 8199 8200 8203 8206 8218 8493 
}
pol_deal_mazovia_provinces = {
	256 257 1938 4525 7264 8230 8231 8232 8233 1940
}

pol_develop_ukraine_provinces = {
	280 1942 1944 3242 4247 7228 7239 7242 7246 7259 
	289 290 2407 4542 7237 7248 7250 7255 7256 
	281 1943 3239 3241 4540 7206 7208 7209 7254 7272 
	298 1945 3246 3267 4543 5670 7249 7252
	2962 3238 4539 7207 7244 
	279 1940 4538 7243 7253 7266 7268 
	261 2424 2961 4541 7267 7269 7270 7271 7273 
}
pol_tend_east_provinces = {
	270 272 770 4536 7218 7219 
	1937 4537 7223 7224 7226 
	275 5660 7214 7215 7858
	292 771 4242 7217 7222 7227 
	297 3270 4244 7882
	276 4544 4545 7220 7221 7225 7231 
	269 277 278 7230 7262 7263 
	1941 7232 7233 7241 7245 
	4115 4246 7229 7234 7235 7236 7238 7240 
	1936 4534 4535 7213 7216 7861 
	271 3226 7210 7212 7859 7860 
	3223 3225 7211 
}